start=684.000000
speed=3.138428
pause=yes
