start=5132.703367
speed=1.948717
fullscreen=yes
