start=1.793458
speed=2.593742
fullscreen=yes
