start=70.849693
speed=1.000000
