start=0.000000
speed=2.593742
fullscreen=yes
