start=252.500000
speed=2.593742
fullscreen=yes
saturation=1
