start=2555.928000
speed=2.593743
fullscreen=yes
