start=1368.934911
speed=1.000000
fullscreen=yes
