start=409.284000
speed=4.594973
pause=yes
fullscreen=yes
aid=2
