start=1699.498800
speed=1.771561
fullscreen=yes
