start=311.770000
speed=1.948717
fullscreen=yes
aid=2
