start=2553.720387
speed=2.853117
fullscreen=yes
sid=1
