start=1409.158000
speed=2.143589
fullscreen=yes
