start=640.833333
speed=2.593742
pause=yes
