start=2567.881000
speed=3.138429
sub-delay=2.000000
