start=383.616000
speed=2.143589
fullscreen=yes
