start=46.600000
speed=1.210000
pause=yes
