start=1361.068042
speed=2.593742
fullscreen=yes
