start=25.108000
speed=2.853117
fullscreen=yes
