start=1196.168333
speed=1.000000
