start=1404.768289
fullscreen=yes
sub-delay=0.100000
