start=1423.175033
speed=3.138428
