start=1407.664667
speed=1.771561
fullscreen=yes
