start=338.966667
speed=2.593742
