start=8498.531708
speed=2.143589
fullscreen=yes
