start=2549.213000
speed=2.357947
fullscreen=yes
