start=28.612000
speed=1.948717
aid=2
