start=355.720000
speed=2.143589
