start=733.080000
speed=2.853117
pause=yes
