start=103.020000
speed=1.464100
pause=yes
sid=1
