start=54.566667
speed=3.138428
pause=yes
