start=2571.343000
speed=2.143589
