start=482.520000
speed=1.948718
fullscreen=yes
