start=655.475100
speed=3.452272
fullscreen=yes
