start=6032.777000
speed=3.452271
fullscreen=yes
brightness=-1
