start=73.656911
speed=5.054470
fullscreen=yes
