start=373.123123
speed=1.100000
pause=yes
