start=2564.544000
speed=2.143589
fullscreen=yes
