start=76.900411
speed=2.143589
pause=yes
volume=90.000000
fullscreen=yes
deinterlace=yes
sid=no
sub-delay=0.900000
sub-scale=0.100000
video-aspect-override=1.333333
