start=1293.900000
speed=1.610510
fullscreen=yes
sub-delay=0.100000
