start=0.000000
speed=1.331000
fullscreen=yes
