start=952.120000
speed=1.948717
pause=yes
