start=1416.856022
speed=4.177248
fullscreen=yes
