start=1939.646000
speed=2.593742
fullscreen=yes
