start=1407.481933
speed=5.559917
fullscreen=yes
sub-delay=0.100000
