start=10.302000
speed=1.610510
pause=yes
sid=1
