start=641.358000
speed=1.610510
fullscreen=yes
