start=2615.740741
speed=2.143589
sid=3
