start=1317.108878
speed=5.054470
fullscreen=yes
