start=4.295963
speed=2.143589
fullscreen=yes
