start=8.666667
speed=1.100000
pause=yes
