start=3.003000
speed=1.948717
fullscreen=yes
