start=820.695000
speed=2.853117
fullscreen=yes
