start=1362.805833
speed=1.771561
fullscreen=yes
