start=1446.405211
speed=2.853117
fullscreen=yes
