start=780.578640
speed=1.771561
pause=yes
