start=5.297000
speed=1.771561
fullscreen=yes
