start=715.533333
speed=1.771561
pause=yes
contrast=1
panscan=0.100000
