start=2511.167000
speed=1.464100
fullscreen=yes
