start=1144.764022
speed=3.452271
fullscreen=yes
