start=1420.252822
speed=1.331000
fullscreen=yes
