start=11.366667
speed=2.143589
