start=17.726042
speed=1.948717
fullscreen=yes
