start=199.032167
speed=1.771561
fullscreen=yes
