start=153.000000
speed=3.138428
