start=0.000000
speed=2.853117
volume=94.000000
fullscreen=yes
