start=1415.163750
speed=2.143589
fullscreen=yes
