start=5.120000
speed=1.948717
pause=yes
fullscreen=yes
sub-delay=0.100000
