start=70.833333
speed=3.138428
