start=16.141125
speed=1.610510
fullscreen=yes
