start=12.320000
speed=2.853117
