start=323.000000
speed=1.948717
fullscreen=yes
