start=1285.375856
speed=1.771561
fullscreen=yes
