start=11861.000000
speed=2.593743
pause=yes
fullscreen=yes
sub-pos=101
ab-loop-a=14988.390000
