start=1337.033000
speed=2.143589
fullscreen=yes
