start=89.560000
speed=1.771561
fullscreen=yes
