start=309.893000
speed=3.797498
pause=yes
sid=1
