start=241.506911
speed=1.331000
pause=yes
