start=2565.462000
speed=1.000000
sid=2
sub-delay=6.999996
sub-visibility=no
