start=1985.480000
speed=1.771561
pause=yes
