start=7717.847000
speed=1.331000
fullscreen=yes
