start=278.033333
speed=2.853117
pause=yes
