start=41.700000
speed=3.138428
pause=yes
