start=2624.288333
speed=2.143589
volume=102.000000
fullscreen=yes
sub-delay=0.000000
