start=965.593440
speed=3.138428
