start=603.733333
speed=2.357948
pause=yes
