start=912.120000
speed=2.143589
