start=1660.720000
speed=2.593742
fullscreen=yes
