start=114.165720
speed=1.771561
pause=yes
