start=267.666667
speed=2.593742
fullscreen=yes
