start=4185.550000
speed=1.948717
