start=2378.585000
speed=1.948717
