start=4664.289556
speed=1.771561
fullscreen=yes
