start=240.970000
speed=6.727500
fullscreen=yes
sid=1
