start=1359.165433
speed=1.771561
fullscreen=yes
