start=1342.014344
speed=2.593742
fullscreen=yes
