start=1003.669000
speed=2.143589
fullscreen=yes
