start=3080.166667
speed=1.210000
fullscreen=yes
