start=301.600000
sub-delay=0.100000
