start=1408.240000
speed=1.210000
fullscreen=yes
sid=1
