start=69.653000
speed=2.357948
fullscreen=yes
