start=2550.256000
speed=2.143589
volume=118.000000
gamma=1
sub-pos=99
