start=1237.766000
speed=1.948717
