start=700.480000
speed=2.357948
fullscreen=yes
