start=4597.176000
speed=2.357948
