start=1644.948000
speed=1.000000
pause=yes
fullscreen=yes
sub-delay=58.399681
