start=28.700000
speed=3.797498
pause=yes
