start=834.584000
speed=1.464100
sid=1
