start=1303.506422
speed=2.853117
fullscreen=yes
