start=197.366667
speed=3.452271
