start=0.000000
speed=3.138428
fullscreen=yes
