start=5949.694000
speed=1.771561
fullscreen=yes
