start=23.333333
speed=1.771561
