start=1030.208767
speed=2.853117
fullscreen=yes
contrast=-1
