start=17.333000
speed=2.143589
pause=yes
