start=5369.823000
speed=4.177248
fullscreen=yes
