start=1619.625000
speed=2.357948
fullscreen=yes
