start=2555.595000
speed=1.610510
fullscreen=yes
sid=2
