start=15.015000
speed=3.138428
pause=yes
sid=1
