start=7047.040000
speed=2.853116
pause=yes
volume=130.000000
audio-delay=0.100000
fullscreen=yes
sub-delay=0.100000
