start=5787.949000
speed=2.143589
fullscreen=yes
