start=26211.686000
speed=1.610510
pause=yes
