start=707.749000
speed=2.143589
fullscreen=yes
