start=2611.903570
speed=3.452270
panscan=0.100000
sub-ass-override=force
