start=0.000000
speed=2.853117
fullscreen=yes
