start=1819.500000
speed=2.357948
fullscreen=yes
