start=8098.507083
speed=1.771561
