start=1392.849792
speed=1.948717
fullscreen=yes
