start=852.100000
speed=1.610510
