start=1979.744433
speed=1.948717
fullscreen=yes
sub-delay=0.100000
