start=1427.563267
speed=1.610510
fullscreen=yes
