start=5.733000
speed=1.948717
