start=1083.700000
speed=2.593742
fullscreen=yes
