start=1350.288689
speed=1.610510
