start=1394.812900
speed=2.593742
fullscreen=yes
