start=291.166000
speed=2.143589
pause=yes
