start=1410.868000
speed=2.143589
sid=1
