start=2548.713000
speed=2.357948
sid=2
