start=135.433333
speed=3.797498
