start=195.486958
speed=1.000000
fullscreen=yes
