start=3158.072000
speed=6.115910
volume=96.000000
fullscreen=yes
contrast=-1
