start=612.906480
speed=2.357948
fullscreen=yes
