start=2627.711044
speed=2.143588
volume=106.000000
fullscreen=yes
sid=8
