start=61.440000
speed=1.771561
pause=yes
volume=102.000000
fullscreen=yes
