start=456.982560
speed=1.771561
fullscreen=yes
sub-delay=0.200000
