start=61.880000
speed=2.143589
pause=yes
