start=482.148333
speed=1.100000
pause=yes
