start=866.932200
speed=1.948717
