start=1428.495111
speed=2.143589
fullscreen=yes
sub-delay=0.100000
