start=292.200000
speed=2.143589
pause=yes
volume=98.000000
fullscreen=yes
