start=968.267333
speed=1.771561
fullscreen=yes
