start=1667.896000
speed=2.143589
pause=yes
fullscreen=yes
sub-pos=102
