start=380.634000
speed=1.771561
fullscreen=yes
