start=524.816000
speed=2.143589
fullscreen=yes
