start=13.533333
speed=1.000000
pause=yes
