start=384.615000
speed=2.357948
fullscreen=yes
