start=11.700000
speed=1.610510
