start=1422.129042
speed=1.331000
fullscreen=yes
