start=1287.498800
speed=2.143589
fullscreen=yes
