start=2922.792000
speed=1.464100
sub-scale=1.000000
