start=1318.350367
speed=2.357948
fullscreen=yes
